110010000
101110010
110010000
101110001
110010000
101110011
110010000
110010011
111000001
110000010
111000000
110011100
101111100
001000100
100000100
001001100
100000101
001001000
001000010
011110000
111000010
110010100
101110101
001000111
111000111
111010111
001000010
111000011
010000100
011110101
111000101
110010000
101100001
010000001
110010100
101110101
001000111
100110101
111000101
001000010
100110001
010000100
011110101
111000100
110010000
101100001
010000001
110010100
101110101
001000111
100110110
111000100
001000010
100110010
010000100
011110101
110010000
101100001
010000001
110010100
101110101
001000010
001000111
011110000
011110101
111000000
010000001
011110000
110010100
000110001
000011110
101100101
110010101
011000100
101001101
110010000
000110001
000100101
101100001
100110000
110010101
011000100
101001001
000100101
110010100
101100101
000110010
110010001
101110010
001000011
111000011
111010011
111010010
001000100
001000011
111010011
111010000
010000100
001000010
111010000
111000011
010000100
110010000
101100010
111110100
100010100
001000010
111010011
111010000
001001100
110010100
101100101
000110100
110010101
111000111
111000101
010001101
110010100
101100111
000110100
110010101
111000111
111000110
010001101
110010100
101100110
111110011
100011101
110001101
001000011
110011100
101111110
110010000
101111101
101111111
101101100
110000001
101111100
001001000
101101110
110000001
111010011
111010000
110010101
000110010
001000110
000011101
100100000
