110010000
101110000
110010000
101110001
110010000
101110010
110010000
101110011
110011110
111001111
100001100
111010010
111000010
100011100
111110001
111010110
110010000
110011111
101111101
110011100
101101100
111111100
100001100
001001000
111010010
110011101
101101100
000110001
000100111
110000001
101111100
101101110
110000001
101111110
110010001
101111111
001000010
111000000
111010010
110011101
101101100
000110001
000100111
110000001
101111100
101101110
110000001
101111110
110010001
101111111
001000010
111000001
111010010
110011101
101101100
000110001
000100111
110000001
101111100
101101110
110000001
101111110
110010001
101111111
001000010
111000010
111010010
110011101
101101100
000110001
000100111
110000001
101111100
101101110
110000001
101111110
110010001
101111111
110011100
101101100
110000001
101111100
110110000
111010011
111001011
010000010
001001000
111010010
000110001
000100100
110011101
101101110
110000001
101111110
001000010
111000000
111010010
000110001
000100100
110011101
101101110
110000001
101111110
001000010
111000001
111010010
000110001
000100100
110011101
101101110
110000001
101111110
001000010
111000010
111010010
000110001
000100100
110011101
101101110
110000001
101111110
110010101
101100101
001001000
101100111
000110001
000100001
110001001
001000010
101110101
110010000
110011111
101111101
110011100
101101100
001000110
111000111
110011101
010010111
000110001
000011111
100000100
001001000
110000101
100000100
001000100
111010110
001001000
111010010
110011101
101101100
000110001
000100111
110000001
101111100
101101110
110000001
101111110
110010001
101111111
001000010
111000000
111010010
110011101
101101100
000110001
000100111
110000001
101111100
101101110
110000001
101111110
110010001
101111111
001000010
111000001
111010010
110011101
101101100
000110001
000100111
110000001
101111100
101101110
110000001
101111110
110010001
101111111
001000010
111000010
111010010
110011101
101101100
000110001
000100111
110000001
101111100
101101110
110000001
101111110
110010001
101111111
110010101
101100101
001001000
101100111
000110001
000100001
110001001
001000010
110011110
111001111
100011110
110011101
101101100
110011110
111001111
100011101
110011111
101101100
110011110
111001111
100011111
100100000
