001110000
111100011
111000000
110010100
101110100
101110110
110010000
101110101
110010000
110010100
110011000
110011100
101100001
111110001
101100010
000110001
000100001
100100000
100000100
111110011
100000101
111110010
110000101
111110001
101110101
001110000
010100011
010110010
011100001
111000100
001110001
010100011
011101000
011100001
111000100
001110010
010100011
011100001
111000100
001110100
010100010
011100001
110010011
010100001
111010101
111000100
011100001
111000100
001110011
010100011
011100001
111000100
001110101
010100010
011100001
110010011
010100001
111010101
111000100
011100001
110010000
111000100
011101001
111000100
011101101
011100100
111010101
111000100
010110100
001110000
010100011
010110010
111100011
111000000
111110010
110010010
111000010
010100001
111100011
010111000
110010000
101100000
111110010
100011001
001110110
010100011
111110010
110010001
111000010
010100001
111010010
010001000
110010001
010100011
111001000
010001000
001110110
111010000
010100001
111001010
010001000
110010000
101100000
111110010
100011000
110001001
111110010
001100000
000010000
